2.999269977312110733e-03 1.365695421798368281e-01 2.887120806543302595e-03 7.280869362871822577e-03 2.109010825350387738e-02 3.248574473232255372e-02 7.855570911454777816e-01 2.137622181450141417e-03 1.223286664383161672e-02 2.940874994637672794e-04 6.070394353321724099e-04 7.862367458141455209e-04 4.663383786773798783e-04 2.208090219943502222e-04 6.194604543599671392e-04 4.670823488390570986e-04
1.442281287856311128e-02 1.589589183822585072e-01 4.036463134421113680e-03 1.483562353678829181e-02 1.873769627401943028e-01 2.075158866471383048e-02 7.119754499825755589e-01 7.278701135716468713e-03 2.782638997510329323e-02 7.153767703457995092e-04 3.698937934903025887e-04 3.114785670486827098e-04 4.841091976353635693e-04 5.883255044755979083e-04 2.208421561903010466e-04 4.554222330857610646e-04
1.502551688246521813e-02 4.418186582502198895e-02 8.018569406471484640e-03 2.900168238137036409e-03 8.677544500799670713e-02 2.669282470340219714e-03 6.130077550006091114e-01 1.868911728958790204e-04 2.365029461821450615e-02 7.268305976251594617e-04 4.656296916450368265e-04 5.590154100285916463e-04 2.456495115651398235e-04 9.005449713636741503e-04 1.775323547965824609e-04 9.516168064406731013e-04
7.323299945009459702e-03 9.407630476603320857e-02 6.687713127072771220e-03 1.929496954557878563e-02 1.036107724314224293e-01 1.556086636059941450e-02 1.756980713139112693e-01 5.805417876854649870e-03 5.950015331527228751e-03 6.477269208106410051e-04 1.289530972423441244e-04 4.761938310385613977e-04 7.865703153837899381e-04 8.744858717089457360e-04 6.425089037254947972e-04 9.222364951624382849e-04
1.920450501507862950e-02 1.085152110710657786e-01 1.181242911037583580e-03 8.858672106416459789e-04 1.628923505823701989e-01 1.464642380037625008e-02 6.268652495221213039e-01 3.612070880590617129e-03 4.307200178748801095e-02 6.062303464438019516e-04 5.934754870382213769e-04 5.932847379720464481e-04 9.190153734056943002e-04 2.596502484089767272e-05 4.708384462536340962e-04 8.642454242793978867e-04
1.271300303202561356e-02 1.965388176341388848e-01 5.727141883611867532e-03 3.675341493070568687e-03 1.217967125966305658e-01 2.596122737824305138e-02 1.057644566965054156e-01 8.008502741522817783e-03 2.123348874647152523e-02 8.569057133112969202e-05 3.896125754187451597e-04 5.678121783431886371e-04 8.745347411831258869e-04 2.319146391822380108e-04 2.381054892562838271e-04 1.519114599831801699e-04
4.030445651647292238e-03 1.275201535972686206e-01 6.219937491393407770e-03 1.697058133642530969e-02 9.072396376962835185e-02 5.972608129889656232e-03 8.697199979759541177e-01 3.749402553842486833e-03 3.543582253571912061e-02 3.822693640013269595e-05 5.040784041950541840e-05 6.876764018632205641e-04 7.444196405989272729e-04 7.014175423806810273e-04 9.203382072131604044e-04 4.292674971764070266e-04
1.390418818081590006e-02 1.206604876993614128e-01 6.765806132926435561e-03 5.806913085211432880e-03 1.859306039015433676e-01 7.142202225431650182e-03 8.778424131451110224e-01 6.764860985238897988e-04 3.786844374189958506e-02 9.101644996428744734e-04 2.751446241142595749e-04 2.894023708582486973e-04 5.061767559157135960e-04 1.297354602718337933e-04 4.608257718695346443e-04 9.835540781915337420e-04
1.706462007843484452e-02 1.310270358431639415e-01 7.878697437172201695e-03 3.570966531102458957e-03 1.551219720930974988e-01 1.344748772334107383e-02 3.645839974191644184e-01 7.781239146628191918e-03 5.551355579202913587e-02 4.885920370251075218e-04 8.757567834170120304e-04 7.618483507384904169e-04 4.988911602833485557e-04 2.616110795798152577e-04 5.053346936810618211e-05 8.823583930417916834e-04
1.909039535954612857e-02 4.155093251692847101e-02 3.346259813912740889e-03 1.568095590288636973e-02 1.051436101700165687e-01 3.570070534123660766e-02 6.087529332263246218e-01 6.822847515544148977e-03 5.511460289055664791e-02 9.754489411464323419e-04 4.126433361726102836e-04 6.755843387731000826e-05 4.088813970540550267e-07 8.606330777926620400e-04 3.850140106787247607e-04 1.114673778214533855e-04
1.197059154594340771e-02 6.642657906660087708e-02 7.355738767830787353e-03 1.673396475539302639e-02 3.633818383038430605e-02 3.312521244652915503e-02 8.873894977460387024e-01 9.799371908133666653e-03 7.290023668501822984e-03 6.696176472565580932e-04 2.109861433559886220e-04 4.619000261736285915e-04 6.944758756194734746e-04 6.722566384098939418e-04 3.200953135809729328e-04 3.739483386092001864e-05
8.384215751849440762e-03 1.989200768690078114e-01 8.463194281802746341e-03 1.609501696614412669e-02 1.374091027653520092e-01 3.847638867213312025e-02 6.929026580334417540e-01 6.320784200305394965e-03 2.689076710806534778e-02 1.462304364578094430e-04 9.459176224211222417e-04 2.322551564038909556e-04 4.406646849454873803e-04 3.622287857626992394e-04 7.608493589151033324e-04 4.335465081909565871e-04
7.266596293483409616e-04 6.533441877068463244e-02 1.674309184352892020e-03 1.904064362319255257e-02 1.806271627001179436e-01 3.029941969041782118e-02 5.507057169410146669e-01 2.942587996589063424e-03 5.379953624071221602e-02 1.564532855334089569e-04 1.865506777351599659e-04 6.781913757388615457e-04 6.845722758290409950e-05 5.767388217573013454e-04 1.328963818267656766e-04 1.933523828566624037e-04
8.825125610999338868e-04 1.843485086767079062e-01 7.966486868626132881e-04 1.814553134117687094e-02 2.585796923756234628e-02 8.091852425604924640e-03 7.220820034752755134e-01 5.687893257600848927e-03 4.120743929258238042e-02 5.396059180328635629e-04 5.212403710728531802e-04 2.494082751469982518e-05 2.219394506062735846e-04 1.393120379862755262e-04 8.579175547289526931e-04 8.788279694201026710e-04
2.561279648907324215e-03 1.449473771092210650e-01 7.572862644986628859e-03 1.255620039624991656e-02 1.180270915528852521e-01 1.723217832258259335e-02 4.654372053862168013e-01 1.805322284815912004e-03 1.107826899132706260e-02 2.313580240491663886e-04 2.441535103833856113e-04 8.044352796390970804e-04 1.342827153782295813e-04 4.636977361807777449e-04 7.341961775397504544e-05 2.714475583331450899e-04
3.186577145581659474e-03 8.638504127523848053e-02 1.078425061348671629e-03 9.986560840585972584e-03 1.730192060249706731e-01 2.397542883706013650e-02 7.701404820890819236e-01 2.981859371295368048e-04 9.380445248921093215e-03 9.396657416718356103e-04 2.678916262723286815e-05 4.989187545261915225e-04 2.722553271162908160e-04 4.759139326579613408e-04 3.187632047030426134e-04 8.315142827011486179e-04
1.423281931775816772e-02 3.895353586384689426e-02 6.629745139493082272e-04 1.749103134021131115e-02 6.143571681709744658e-02 1.255767638661484109e-02 1.404226943060822297e-01 1.367011738563147713e-03 3.738315629230607590e-02 5.860129561389373519e-04 2.890646112108540737e-04 3.036582908500961219e-04 6.301781859258492706e-04 7.767623596016062651e-04 6.281622609974889552e-04 4.400318332119555016e-04
1.666303034026357655e-02 4.843152798656028685e-02 3.614339496288967654e-03 1.956795412084733066e-02 6.792326489461431027e-02 1.770935508226319580e-02 7.497378368867835263e-01 3.007994917168650868e-03 2.217432338014269783e-02 8.102950822670637598e-04 6.723577419214851313e-04 9.586469131988348659e-04 6.777260137145101277e-04 3.497450775198304457e-04 5.968950750786347799e-04 1.895100778882200638e-04
1.610404826673291628e-02 1.533027236834809404e-01 9.006241244267495019e-03 1.263971839052152428e-02 1.703989486571389975e-02 2.744526653755758466e-02 6.867073369584116849e-01 7.974638940625075265e-03 5.058456458555168032e-03 5.294018105130656078e-04 4.946861738257724100e-06 3.796149819223754011e-04 1.003045216975497102e-04 8.297124755184960261e-04 9.359527167793599191e-04 4.075933649997672665e-04
9.743473108688543299e-03 9.726618145091611711e-02 3.254556866227357233e-03 6.672268278104120541e-04 8.947238150228632725e-02 1.982595678396929795e-02 4.871882247538900645e-01 4.268139008218103285e-04 8.674253605833874212e-03 4.968787268432859391e-04 7.280686054110636300e-04 9.905372861555039078e-04 7.954984160298955980e-04 7.627509431230916409e-04 2.100267355134297209e-05 5.112531621706485792e-04
1.127106022573799715e-02 6.053332559080390474e-02 8.718158011571448818e-03 1.551164062675313218e-02 1.304155011683963417e-01 3.664826665381092780e-02 2.031864898835479549e-01 8.792077361164491248e-03 2.477181996582815404e-02 9.249240523112787181e-04 1.532644118410687233e-04 8.820261756575320869e-04 1.791686795542688437e-04 5.385152517315474350e-04 1.524201536208189542e-04 2.892023732995837023e-05
6.994983361123635959e-03 1.411232922357017472e-01 2.098290930923781255e-03 9.523601881313910333e-03 1.574333638283130499e-02 2.275351974064632448e-03 6.520204690677254555e-02 7.180952606829714077e-03 4.611026639297537838e-02 5.514736505587183564e-04 9.982367132512922313e-04 3.322495373237199247e-04 9.753165920470327618e-04 3.909287217487465108e-04 6.685616267600105614e-04 9.983907119785067914e-04
3.755290556295828516e-03 6.383710183826285522e-02 4.183980163748767027e-05 1.366687966426071918e-02 1.915511549472532216e-01 1.026190454563846721e-02 5.902018019989730968e-01 1.964168657970756082e-03 5.073098906044194722e-02 3.348956835337764935e-04 2.672273938360350543e-04 8.438757316694746075e-05 1.125348464816163519e-05 3.509427039531224941e-04 5.666894805394807064e-04 3.067584749061080568e-04
5.846962939388116592e-03 1.811123695899995445e-01 4.884784172421465648e-03 1.232011461778395600e-02 1.831868731299007291e-01 3.886903159353202741e-02 5.771930898239061580e-01 3.528402821876951839e-03 4.302682255300330737e-03 3.422454821126868227e-04 8.895692664749481392e-05 7.005526389712419932e-06 7.655228958325362241e-04 5.235032240401161358e-04 9.037063208564169534e-04 5.720590287163904641e-04
5.771208933422766058e-03 1.189904848213084732e-01 1.235337941637703555e-03 1.771600491899411392e-02 1.466214799429957638e-01 1.697675057287358416e-02 4.702366651477490889e-01 3.262933319782990432e-03 5.417820233253672901e-02 8.858673699263779761e-04 8.803821072603510746e-04 1.986024770938943189e-04 7.005021530229196759e-05 6.227899681193820817e-04 4.127514046838102178e-04 7.011738479549776406e-04
1.162086242465782543e-02 4.966213338737018868e-02 3.477011361469362159e-03 1.338259125037132404e-03 9.336724732192537568e-02 3.946063969709998065e-02 6.450955634694502949e-01 5.713704782725080936e-03 5.764623221948791953e-02 9.681486332478307470e-04 8.617653780126563468e-04 7.934746127531014728e-04 8.266965571400443325e-05 7.571597629805623621e-05 4.473397273453659506e-04 8.997133355968196583e-04
6.756707906709875401e-03 1.385093072170637818e-01 7.982298871226350262e-03 6.107331536338502821e-03 7.466447266291383056e-02 3.102675624924734754e-02 1.569042071667725580e-01 8.406170826369090479e-03 3.014120238674415989e-02 2.891801736783825949e-04 5.165172145501787044e-04 9.027647516652893833e-04 9.481015600875949230e-04 4.532532952471407333e-04 6.050577958572089018e-04 2.325452745766684668e-04
3.229944405635473345e-03 9.178809010190960849e-02 2.193234680684042403e-04 1.329517863054064351e-02 4.344888686867903749e-02 1.073626924359915441e-02 7.092043982664147928e-01 5.566344027675604843e-04 4.750266743586931822e-02 8.301975101857550455e-04 7.651944262564495903e-04 7.324646548153787313e-05 8.834377356909245676e-04 5.164296157834061436e-04 6.966181851659111182e-04 4.978853564022358430e-04
1.361420483963719265e-03 7.248643948947397497e-02 2.354577010737957023e-03 1.177070581128813846e-02 8.513968350274037089e-02 6.304265514234549776e-03 1.204429951358561013e-01 4.575017269740421638e-03 9.917414992540795476e-03 7.533196855115906502e-04 4.861519837816055917e-04 2.193054818332906754e-04 2.035813688437855800e-04 6.111277986934854183e-04 5.559362788724448150e-04 1.342762116398862936e-04
1.078859773665232728e-03 1.011112049603199586e-01 8.313070303934700853e-03 1.447355752448574798e-02 9.539977248421334377e-02 1.232513325588429146e-02 7.579821932101351578e-01 8.593877475057371679e-03 1.955395547595697656e-02 3.146070657580386983e-06 5.446457777386892740e-04 3.230356398393547301e-04 3.552100802677633112e-04 4.112067232749672683e-04 8.228453418636406946e-04 4.109476624962086566e-05
1.559814947927102603e-02 1.026288670033721623e-01 5.808097581022203353e-03 8.666694035260881848e-03 1.493437884127915838e-01 2.858679928709425763e-02 5.854134631951866119e-01 6.424728346051608585e-03 4.709223838814097923e-02 7.447687519886959581e-04 8.332551704787983723e-04 8.205878545736461230e-04 1.570219039040445224e-04 1.770387206817055508e-04 9.778221652036072405e-04 5.520924405971548016e-04
6.182359519126557831e-03 1.296050854841227506e-01 8.922340983558998961e-03 1.515408490165115300e-02 1.748069156540812130e-01 3.397567106630473843e-02 3.307751117124376194e-01 6.901248422784532661e-03 1.730049946154932003e-02 8.583521723507717268e-04 6.511996168974530262e-04 1.809214709101011540e-04 7.250313868808155827e-04 6.905286671725725453e-04 1.608586030735261190e-04 9.075200791157198195e-04
1.036980245341250460e-02 4.358594197785021357e-02 3.728211480407563928e-03 1.960722793811615558e-02 1.072450895695038348e-01 7.926162763459696989e-03 9.624630648694944279e-02 8.885254110590646431e-03 3.182205501997886765e-02 2.255954161539479557e-04 5.558381520199991415e-04 4.829457722331587989e-04 1.131079905116797027e-04 5.471931960789037279e-04 1.806111147530671925e-04 5.079146021537049799e-04
1.250491048681297637e-02 5.393579659576500790e-02 6.545763289099887708e-03 1.722897025833994636e-02 1.358626798270021196e-01 3.430917636727593562e-02 9.305830526551032156e-01 4.267880165024019561e-03 3.305051820002113255e-02 4.214006639514025895e-04 4.464666347873470537e-04 9.166528745646363189e-04 5.306087294178441719e-04 7.335625501659839452e-04 3.061976537893228872e-04 3.319081252578642556e-04
1.076836788527397830e-02 7.516981124676760939e-02 9.391116568235553796e-03 1.963233251622935154e-03 1.671011176172087775e-01 7.389944025348732515e-03 2.538055446184805386e-01 2.815909441818509849e-03 1.300056254038785188e-03 6.772090277646583166e-04 8.510702459971006143e-04 7.488385572396656946e-04 3.233919606793223553e-04 8.485963155642988311e-05 6.333993269358367318e-05 9.163259148905746011e-04
2.219911353866393412e-03 3.459201507175457824e-02 2.661192898306181335e-03 8.292392497963105638e-03 5.229097011882967438e-02 2.767047875961750267e-02 4.019991353954936453e-01 9.539648282778421737e-03 2.570075297511482948e-02 8.072296589121799376e-04 9.143916952442549288e-04 5.070771421374474118e-04 8.556481756864000839e-04 9.278905305437394830e-04 9.088830267807353766e-05 4.834749249721316706e-04
1.488909461159366489e-02 3.023003860847060451e-02 4.336064089815618201e-03 7.564022096838231117e-03 7.728683284215183413e-02 3.826599735424160431e-02 9.067056615898037020e-01 2.773156268907829309e-03 2.236727764473370184e-02 1.615970235621566522e-04 3.148710948252035581e-04 3.467556724021758998e-04 3.142294395599029783e-04 9.679634466522005383e-04 2.310776706483294089e-06 6.103670313064461566e-04
4.817300005208389438e-05 1.255450008726937128e-01 5.860474305585046699e-04 1.430462913149277947e-02 2.831672934843687192e-02 3.176897926942785777e-02 4.985230316560213537e-01 8.925960161006786173e-03 3.715752185262502505e-02 5.092408667146796231e-04 9.394498817780837338e-05 4.151668708480246218e-04 5.922567559509763933e-04 3.275270866039488218e-04 2.744914570631050541e-04 7.977160077730640567e-04
3.971107438358680713e-03 1.631555404493766626e-01 8.293887488027208710e-03 5.224376520190616470e-03 3.210991187163946079e-03 9.527985314941285824e-03 9.472053939741488238e-01 7.418857752676803752e-03 2.864737751088229645e-02 6.913473872019734257e-04 6.446612803855343837e-04 6.035760537494984325e-04 5.133084743039719377e-04 5.942755968550330736e-04 1.245708247399173461e-04 5.905781989694759010e-04
9.483636914336129528e-03 1.235539741205844005e-01 4.296241296419731764e-03 1.045018862791361781e-02 1.966734245353141119e-01 3.506941073603386805e-02 9.563520170665809061e-01 4.891418554122053605e-03 1.763764330868942271e-02 3.933000101249970511e-04 8.231186469336008353e-04 9.894529945359388859e-04 3.087370120646347276e-04 6.245838312680781179e-06 6.817851723751411439e-04 7.268851499339163335e-05
1.087776800555410352e-02 1.547861154952537843e-01 5.370640419284650711e-03 8.520046183947868959e-03 6.474533019701811387e-02 2.135205881252780907e-02 8.924698710818527170e-01 8.045368276725870524e-04 4.623862811851334187e-02 8.768419450505531704e-04 3.908056801444317516e-04 5.146226525769729350e-05 6.285521642588616075e-04 8.340789934459517290e-04 8.756094813268826054e-04 7.731485691657104167e-04
1.596007388093139551e-02 1.593910810764148644e-01 9.982392737592112042e-03 4.803313327483934962e-03 1.693823244576247999e-01 1.532048132905500888e-03 5.649324661022961935e-01 6.083832524240864216e-03 4.156576473480296657e-02 4.522328882491934393e-04 6.814672825065390491e-04 8.951494460700286024e-04 2.664676207871556710e-04 7.439493993916940218e-04 7.409154724932423162e-04 6.843252992095760117e-04
1.465716270566334335e-02 1.613372368800749523e-01 8.841871524269939372e-03 1.621479036362990372e-02 1.946860090529153042e-01 2.831783147066992135e-02 3.864306397395257386e-01 5.435309977539652670e-03 1.508230681708480972e-02 4.725796281917281176e-04 7.324769198532337560e-04 3.061159037664117169e-05 4.370343326796948175e-04 7.844938368008790627e-04 7.019274027697440738e-04 2.201162046369398173e-04
1.048962503716733240e-02 1.696052930292700212e-01 1.468138786987250883e-03 6.979129949183110297e-03 4.476927943043554348e-02 3.973485189928487732e-02 3.951731916790903187e-01 6.729291918165925326e-03 1.657833049584859705e-02 8.496900113593718355e-04 7.532667567087089795e-04 1.002352922728569226e-04 9.379483150462584757e-04 6.293795890833169633e-05 9.805989202492559811e-04 2.188906345023386229e-04
6.494588872307443216e-03 1.125368237448308717e-01 5.008817862745143165e-03 1.533772072789816102e-02 1.566454594639579700e-01 1.192059077304511230e-02 8.273554117485236725e-01 4.329857783874610511e-03 4.404108634075703382e-02 6.627366474101306919e-05 6.303738533269959143e-04 6.427568193717621411e-04 7.159359919722662734e-04 3.197766079200292265e-04 3.476823160524096490e-04 3.791899262992907342e-04
7.552966963902093926e-03 1.659651556930066274e-01 3.831031347639996584e-03 1.129870104506947893e-02 4.712816939702963587e-02 2.312579858588172110e-02 7.901043130174912887e-01 9.150570344297781489e-03 6.283106503806976280e-03 6.244113320915653563e-04 9.663789054194956134e-04 1.505305680939929194e-04 8.495674713809170126e-04 8.506814063663627017e-04 4.995278674753935366e-04 8.941488934383506101e-05
7.949483203565208336e-03 1.851502279026168429e-01 4.763070113671194310e-03 2.171760253653235524e-04 1.172692640724648516e-01 6.784031616916605736e-03 7.651797057578741956e-01 4.684087990284377910e-03 8.982158336975389068e-04 2.581430806949552327e-04 4.951341899807457005e-04 2.974710478635459159e-04 6.842906475442685817e-04 4.055863465154980606e-05 6.589262082970343513e-04 6.640923333519541377e-04
4.232800207439617671e-03 1.147656946660315785e-01 1.322799734010432883e-03 1.297898378328223891e-02 1.642329544371779471e-01 3.452724340193266683e-02 2.356430315034984402e-01 3.168410157128419193e-03 5.339622376967900763e-02 3.791696671282077666e-04 7.992244075233645179e-04 4.123967402096848333e-05 3.630118732767039316e-04 9.520118170401830173e-04 8.521067817480067858e-05 1.615163498013459328e-04
1.853850819120159837e-02 1.181900038412135034e-01 4.545611695242962776e-03 9.107195510029595167e-03 3.906855535720624856e-02 2.534130198166341039e-02 1.956365162027949856e-01 9.032945484103136607e-03 2.445058289029600207e-02 5.157391359685545339e-04 4.701628400970055133e-04 2.489175801027036956e-04 8.609747364870769725e-04 6.627739987567134736e-04 4.826306123551218018e-04 2.001842755016912368e-04
1.411145820282433709e-03 1.423223862426928887e-01 9.715528863642077309e-03 2.070559377440608310e-03 1.253790212642916513e-01 2.975814046908787855e-04 1.302217220407640985e-01 7.833207485482352253e-03 3.618934958345087355e-02 6.838669943118451952e-04 7.702697633898670203e-04 7.167843640436074746e-04 2.389464634749376268e-04 6.423243283166803728e-04 7.126647575212220797e-04 6.033710368320433903e-04
5.204453978994627930e-03 1.491732626823381036e-01 2.110762193063187801e-03 2.634410916882868464e-03 6.280272625278725263e-02 8.954330612271342929e-03 5.240938441860601982e-01 4.459867775288250437e-03 3.889957518946972337e-02 7.924756991392839598e-04 9.021256855365017381e-04 5.479195551626066512e-04 4.757316411960972103e-04 7.137580138575362046e-04 9.526519710685410047e-04 7.153183432538267814e-04
1.142176285369381379e-02 1.735418260491936038e-01 6.952949049307956091e-03 3.214257076196032001e-03 2.714530770916152164e-02 2.087914235108687122e-02 5.121140934793395605e-01 6.678195813114707127e-03 2.518804494693836164e-03 7.734952744732856997e-04 1.169196714355010534e-04 9.453828781460391030e-04 2.825578889711792877e-04 3.969330187043608574e-05 3.669117865099179825e-05 1.791804510688223241e-05
1.207211404224311363e-02 6.148684851983944599e-02 4.447361297505863197e-03 3.083873562382311289e-03 1.325789192062346578e-01 2.032735257073511881e-02 2.287422314794748321e-03 8.201707151128256532e-03 1.904475888510273477e-03 3.107911245498003639e-04 6.289122038890518265e-04 8.759452632433290887e-04 4.246596216143847771e-04 8.127015143012088086e-04 8.322389113772963405e-04 2.904198488294651979e-04
1.409791581112128205e-02 1.880982801726865661e-01 1.321473099966101624e-04 7.037149299606025241e-03 1.385106084919561775e-01 3.065482669432441007e-02 4.114111949561358728e-01 4.160280367129032611e-03 1.296849993332098439e-02 1.126461637943569215e-04 1.670042793305283552e-04 7.023362548328836554e-04 3.949681728013245091e-04 2.126367853744947289e-04 8.864025535260345798e-04 6.947892177061588915e-04
8.803221484396097848e-03 8.238590714087963562e-02 1.540315769984901360e-03 5.588338006943490040e-03 1.407468890267930817e-01 2.440456304223135447e-02 1.537601313696507384e-02 4.747225001299799560e-03 1.353986527886052657e-02 1.080323925771928658e-04 8.111919598787902278e-04 9.762206645415427535e-04 3.324755400230060124e-04 8.029083468687935260e-04 2.917250688825695731e-04 7.490773583792171555e-04
1.754640910350122734e-02 1.746972541773746945e-01 4.929770474581436634e-03 1.390748330223748504e-02 1.700488087069961241e-01 3.780951174364328288e-02 8.723555477627180366e-02 9.661651290578545867e-03 5.878835827805187209e-02 5.723440318346799871e-04 1.485342706622183302e-04 3.927715982376081441e-04 9.293828885329711307e-04 4.825965068616633845e-04 9.142336162574308004e-04 2.661848938068298032e-04
1.239236415772224965e-02 4.666584927258718429e-02 6.076841194655111834e-03 1.679495323497296475e-03 1.789459616947319254e-01 3.733779853772214302e-02 8.070188905647017741e-01 4.989434342470885908e-03 5.119533750707714465e-02 1.230771715488460658e-04 5.852340628506123160e-04 9.325990998947183584e-04 1.641829407936097856e-04 3.796830255396581874e-04 7.933005173317402015e-04 7.566537786100436614e-04
2.688214751652342333e-03 1.353557580264421745e-01 3.612352142649597852e-04 1.597729651769866019e-02 9.832856539276237096e-02 1.671589224837528517e-02 3.182677263612825325e-01 7.098577436352484756e-04 2.894921436016219610e-02 6.323753192276420580e-04 5.756882132972064841e-04 8.582586491295734251e-04 8.252922507436015942e-04 1.660144761590285879e-05 5.007628737854256072e-04 2.404174005792081899e-04
1.010162299349393923e-02 5.698160826600855849e-02 8.501171466230172599e-03 7.853194002991444739e-03 7.186898892645518511e-02 1.400181170731465072e-02 2.122864992008947904e-01 5.903350497569491602e-03 4.528301659624842102e-02 5.918356860332074431e-05 9.254480605456682444e-04 4.291340519137107584e-04 9.926455163121606761e-04 8.448806971336323985e-04 5.168165845307890263e-04 1.425273271143747713e-04
1.734042750104768972e-03 1.033636580286849821e-01 7.150757963628473664e-03 7.663511151287770093e-03 1.522598834339058405e-01 2.625563116390644894e-02 3.295596998171673730e-01 9.203026331553149086e-03 7.142840092843546346e-03 2.667289109430761709e-05 7.081528859692932422e-04 8.422681083761357230e-04 9.023890857353467423e-04 4.403988079263011042e-04 9.915332960130135345e-04 5.360195327278533185e-05
1.960914218647565044e-02 3.203476429966313488e-02 9.614776349630852273e-03 1.022472590319989903e-02 1.606427895657422111e-01 3.547723291541030749e-02 8.369387908895402628e-01 5.398056545650660107e-03 4.267607939034915449e-04 7.869188393945496934e-04 2.586641987882714092e-04 6.543992186906270837e-04 8.952736778690240744e-04 4.965914793077268663e-04 3.336936327591474112e-04 4.140840763875239120e-04
1.877418324872718453e-02 1.508803309422824812e-01 5.267909959205312707e-03 1.854081597980042351e-02 1.990695709268340552e-02 1.928905626220471861e-02 4.225470852398828248e-01 6.104287084216500001e-03 3.129429051139562962e-02 7.684803629024677214e-04 3.338067630241213935e-05 4.035373432012780343e-04 9.691175647126268377e-04 6.316167589004919192e-04 8.406074341243479579e-04 2.838329466675412619e-04
2.806990555496860300e-04 7.689174324607760125e-02 9.222556751532008310e-03 1.054020808552531916e-03 4.932000813386111515e-02 3.681827825195465448e-02 3.528720256325209442e-02 8.337585010757334048e-03 1.802776714563407087e-02 9.810811325447793725e-04 7.138120684119979385e-04 3.601558155069987054e-04 2.516712083385669080e-04 8.846785540452317470e-04 7.391958957892273002e-04 9.915720963212184158e-05
1.647163486571109892e-02 8.851154600015267992e-02 9.418588121756752991e-04 9.636632032038143850e-03 1.267128222337320087e-01 3.620472130038967368e-02 2.720982243312909943e-01 3.805163969491113119e-03 4.046244334985113489e-02 5.641215410711048059e-04 1.365002439095738644e-04 6.666856552144749927e-04 4.500784626256183383e-04 6.886397141852625831e-04 5.400891098057370929e-04 3.917408340146898431e-04
1.104350947131097285e-02 1.905416076596415653e-01 7.049596742558144301e-03 4.304218160592477097e-03 9.853975702341657983e-03 4.886314714535213224e-03 4.440131659495059058e-01 9.467467345232603165e-03 2.314833121134423841e-02 7.374660545685900875e-04 4.071112761533937576e-04 1.323278371852091055e-04 1.270638219903867942e-04 9.979311274965776100e-04 6.765377031907292282e-04 6.501074810575058162e-04
9.332794881442937895e-03 5.196816532773723685e-02 5.410861700908379396e-03 1.306413125727468039e-02 6.802059132730081670e-02 2.253498532977020463e-02 2.462897146936548209e-01 2.673803883249698411e-03 5.939647089506711053e-02 3.244881513398012061e-04 8.900540851356372957e-04 8.377766915050561614e-04 5.755878516306122935e-04 4.072970405801012235e-04 4.038585974111737480e-04 3.548659957093678739e-04
8.466152100346553341e-03 1.059183309687079383e-01 1.892193384430945540e-03 1.656420452532003998e-02 1.280202833439594012e-01 2.486571205801109061e-02 8.578650630337699701e-01 7.656226760278613853e-03 5.741862383641820750e-02 1.397384386335980130e-04 4.573990121360025870e-04 7.260700887438681491e-04 5.888839815143241414e-04 1.448334951976125982e-04 7.830206564397193623e-04 7.691706831727225047e-04
1.881484229284465307e-02 1.946690745193942473e-01 7.496901613266765754e-03 8.053318359834226933e-03 8.179607890370726997e-02 1.190719873818067405e-03 5.075399507129849663e-01 5.048240142444723397e-03 1.389306890314144505e-02 2.649217253464117793e-04 3.250279891063073603e-04 1.757452145722133963e-04 9.873595202874888097e-04 6.549343139287335143e-04 5.886141225218661328e-04 6.622892707281200853e-05
7.758021468593423974e-03 5.370898545087971626e-02 5.928676012729092865e-03 2.347190828821453176e-03 1.764776619742286223e-01 3.122558144878723185e-02 9.712612674397888002e-01 8.144264705279333216e-03 3.678469856185740544e-03 7.007571988327156859e-04 2.324402207842046026e-04 1.262916086666158891e-04 9.139669473085379524e-05 8.988685304846911550e-04 9.470104203721854946e-04 9.334857956967204922e-04
8.751821828245789567e-03 8.602202492077681839e-02 7.215908919198873311e-03 1.569362295783309014e-03 1.582075714253814991e-01 2.652174356689626297e-02 3.793790134140552217e-01 7.315082180607160832e-03 2.625919530050234776e-02 3.578477325732760256e-04 6.433899346533376786e-05 3.502088796245183167e-04 3.887679994089010549e-04 2.853261773137626568e-04 1.478200987454771314e-04 5.897906771431867673e-04
4.967705886756415903e-03 1.917264333575675883e-01 2.456915536270384490e-03 2.561061171829460709e-03 8.247612782554876454e-02 1.852632638245385252e-02 1.187741768909465478e-01 7.017829623400081290e-03 5.993227551698940281e-02 9.497837760557039082e-04 2.011845940600302297e-04 4.336626060806508592e-04 1.494460945051825072e-04 9.726855313245717305e-04 8.030662856024970136e-04 7.266232058226273051e-04
1.955742365208667718e-02 8.370980784879267222e-02 4.624515763561691355e-03 5.671483670879885232e-03 1.006013301221565792e-01 1.285857559636298039e-02 5.425803421684861627e-01 2.007287397469887259e-03 1.566522576699904898e-02 2.008070791041344065e-04 9.342132185497382382e-04 8.176702719568811105e-04 4.088756434286469556e-04 9.175558194828642910e-04 1.119602502465053673e-04 9.629267068534238996e-04
4.772301123484431508e-03 3.758230771450006558e-02 2.256863858229998798e-03 1.869141828629049262e-02 1.997081470681906223e-01 1.505569389691707033e-02 3.520118342376555853e-01 1.065482748962688500e-03 4.803396585357679743e-02 6.191930508115929760e-04 9.741714412609450138e-04 6.963965878463814407e-04 8.382171875816816749e-04 2.012218347414095293e-04 2.074099814180011534e-04 3.106823461252960724e-04
8.146597353930820629e-03 6.917700035945588410e-02 3.056543215444545991e-03 1.989299864912322247e-02 1.430245208107392418e-01 1.870429657672785647e-03 7.028129003016338194e-02 5.532444845693167482e-03 3.422913523242749473e-02 9.468672855797410340e-05 9.540676828307709419e-04 5.308563476512662962e-04 8.065822568759311402e-04 1.542104661724556477e-04 2.147734401982955108e-04 6.707989848842088121e-04
7.017939101411230056e-03 1.322825965910262025e-01 5.690886495098579356e-03 1.404632261587375475e-02 2.357711927398224716e-02 8.487959875778761792e-03 2.619034994985137144e-01 9.350543417136701271e-03 5.168464564703274117e-02 1.989183438195978146e-04 8.427542311998186507e-04 2.055754657908810679e-04 7.071953185767543672e-04 3.831050083245137253e-04 7.756587757684312977e-04 3.665702895399762865e-04
1.374583280358049331e-02 1.822591014032852175e-01 8.806092789080675106e-04 1.784063144621588631e-02 1.022555747516912944e-02 1.827350095977203076e-02 8.447803767921887586e-01 6.250951956317722311e-03 8.382771992335639674e-03 4.159901012644766691e-05 3.328940622433591498e-04 5.255759441797204327e-04 5.248681964838949670e-04 2.496385833727959229e-04 8.993627411206747170e-04 9.735025477983793619e-04
1.801237582646479304e-02 1.152779716681472805e-01 6.399357760244499781e-03 5.094752047963224673e-03 1.353724408611649971e-02 4.766891241441766416e-03 4.333894268408940431e-01 1.228729643629114434e-03 5.621533129257231393e-02 3.825993560909207074e-04 4.525201991278585004e-05 1.483765008270537420e-04 1.804136229924747827e-04 1.109551454817170161e-04 7.201461608001323914e-04 5.225443465711649988e-04
1.774170121606999037e-02 5.868448384389901573e-02 5.575801877052876526e-03 9.224311142088374715e-03 9.679470093864070424e-02 3.294173226603349866e-03 2.807499414325360099e-01 3.321721606702734628e-03 2.077115121482221022e-02 2.188817312837300030e-04 7.848990747302405854e-04 1.373713517889962318e-05 6.111499495547068495e-04 9.445977837284793947e-04 4.253796449735992489e-04 6.337670729421081154e-04
5.181159738491679552e-03 1.467468070257457458e-01 4.860074203509219819e-04 4.343484849663332959e-04 7.962369305306431222e-02 2.229627665613537549e-02 6.643746384941860983e-01 1.725441753594248936e-03 1.440798411946625328e-02 2.732016524647763148e-04 6.655835223986971902e-04 2.521976253121907649e-04 2.903199039799636756e-04 2.760377661550997308e-04 1.911185858785265969e-04 9.445496802736745622e-04
1.834878312254583851e-02 1.222587383812974576e-01 6.822252365379116723e-03 4.459553834213550449e-03 5.891421192409223434e-02 1.624161927117758614e-02 6.313024907779420936e-01 9.643155589973002569e-04 1.866733323577370735e-02 4.360278261637807974e-04 5.007870404086156232e-04 5.133859503367497155e-04 6.504152172599157863e-04 3.053509440839292737e-04 4.544508418217420493e-04 3.456857546028974560e-04
1.734378264387682542e-02 1.794675277151539239e-01 2.518583273766496038e-03 6.790732517557095116e-03 3.408644305977261840e-02 5.234510630702566072e-03 9.231648581423348432e-01 9.899480403599116365e-03 4.256760067273065995e-02 1.321359444358862550e-05 5.635225978706650879e-04 9.229137349879616920e-04 6.454230076536149417e-04 7.926105379824907116e-04 2.596880239321240754e-04 3.214572312866085537e-04
1.798570269228010748e-02 1.668292312185364612e-01 9.176301717469966673e-03 1.180381781632210483e-02 1.930124657584394721e-01 7.087383084661177642e-04 3.061435219541521202e-01 9.966469070064142358e-03 2.757822968109726811e-02 4.497965746460868197e-04 3.493334527920051273e-04 3.896179446399057199e-04 3.080981867255054362e-05 4.382938047354703994e-04 3.999355744030361746e-04 5.619990459677561695e-04
1.295375979907961370e-02 9.586878739504464675e-02 2.997057035612113104e-03 4.054615248269588176e-03 5.659443390865484536e-02 3.927570036453923233e-03 3.436928721968071643e-01 3.985917992081941183e-03 5.665719617218724358e-02 7.358096909274428109e-05 5.376039883679045511e-04 2.666450879173715496e-04 7.531385946298998829e-04 5.495907476573394832e-05 2.897269011746186765e-04 7.353385661313332046e-04
4.412111510640578244e-03 1.561870690449037868e-01 3.590323500335779617e-03 1.090337875183999133e-02 3.050203239152749629e-02 3.214030158785866065e-02 1.854637609989589486e-01 8.616342744311918447e-03 4.923448735459736575e-02 4.009455202585490144e-04 3.790597083220311869e-04 9.629389758490669061e-04 2.025088399477231163e-05 3.396410412154677347e-04 5.204433381026578407e-04 7.819753369192735878e-04
1.695126614378581614e-02 1.066774276215918943e-01 1.982458864137189199e-03 1.465346047731251079e-02 1.110458980124096329e-01 2.948476260707011409e-02 6.751277700198630161e-01 2.403393201477064828e-03 4.495515845080946815e-02 8.912393738728740080e-04 1.957953450602440548e-05 1.614534915688718036e-04 5.595979088388405593e-04 2.952423775575379445e-04 9.630126587202467127e-04 2.565533165470181660e-04
1.358628996845027449e-02 1.718372164581375983e-01 6.497230834759536340e-03 5.301701955990923169e-05 6.113623679780067627e-03 1.562534089265003173e-02 2.917402845540971734e-01 4.069051975829314667e-03 3.994347467797654955e-02 8.201766736112302064e-04 3.002637084068914648e-04 6.292959549665372559e-04 6.060160210655072145e-04 5.541596963666686792e-04 7.521887892235546618e-04 4.747937838099377367e-04
9.861512661400562152e-03 1.402495096830329024e-01 7.676604801224332607e-03 1.152865254989710563e-02 3.221240775442726217e-02 2.713946913504219904e-02 6.553313179640964936e-01 2.571379060255281172e-03 1.039006632533912879e-02 9.096214491682932685e-04 7.463183246478808904e-04 7.761582037918922069e-04 5.448705921758786788e-04 1.914252182031914954e-04 3.505509034399214891e-04 6.455742939252932799e-04
9.179008169020421576e-03 7.285856704082754876e-02 7.720377669657166146e-03 1.208421949692482615e-02 5.062050308607272259e-02 1.126438695440836607e-02 4.742411436463574853e-02 1.691542207428737904e-03 3.257215177708782522e-02 6.520368170289214498e-04 6.916288637095440025e-04 5.826037798637809803e-04 7.376255410194682656e-04 5.019641471658931129e-04 3.660980757818947879e-04 8.152555211341412384e-04
1.577394666231729525e-02 6.755262903566221222e-02 5.144777372942273969e-03 1.110697503240666746e-02 1.456668281878282789e-01 2.902191778381305737e-02 9.887609480895347414e-01 2.306238873389644846e-03 1.159432019487170729e-02 5.926290306249953855e-04 4.335121739225366298e-04 5.791831563206060237e-04 5.656193061221776895e-04 4.283504198766494844e-04 1.021430084768003581e-04 1.220439715359168442e-04
1.536473092700785248e-02 1.894769594128441204e-01 6.190052430074059406e-03 1.882087098718622509e-02 1.089799266119993865e-01 2.349605133528147663e-02 5.240044429949812510e-02 2.255184280437483486e-03 3.227971078530766577e-03 9.516623195153668929e-04 2.225062100958552914e-04 7.379235148818751207e-04 3.497096049780192548e-04 6.027598649694378922e-04 3.726185234272677994e-04 8.010540754260504336e-04
1.627081161777984078e-02 1.683117138213358621e-01 9.518134517058936608e-03 1.352981438608391769e-02 1.154240434645681379e-01 1.387892081727217647e-02 9.930368093112305061e-01 1.111398232110067047e-03 3.954243938215301624e-02 9.954222164447463876e-04 7.760618690503572124e-05 2.235087825918180115e-04 2.159420898290322337e-04 2.509192630410028257e-04 6.351267189841755447e-04 6.204234545867651955e-04
5.373572256213195045e-04 9.896022957169421652e-02 4.160847247941857653e-03 1.710819381558232113e-02 1.122917241861990240e-01 1.087179023181752274e-02 5.307520857659572266e-01 5.165263365771448519e-03 3.509938640309609448e-02 3.068223348898319546e-04 1.099719899091692650e-04 2.728052443529398879e-04 4.131158079010782626e-04 5.609145563717943695e-04 2.472195973616762572e-04 1.090983935152523167e-04
1.309947603098413592e-02 1.488852252687006272e-01 3.937981428232736718e-03 8.833524145502672995e-03 1.885212306814410821e-01 3.338395315047985867e-02 7.399136187041333024e-01 6.517780664937819143e-03 3.101209547191267554e-02 3.699158871334214224e-04 2.967298517592214472e-04 6.161013903944048209e-04 4.929620732615650418e-05 1.836155170055458064e-04 8.601222927673166313e-04 8.294790559588109810e-04
3.573853612175430672e-03 1.973748303317090502e-01 1.717095518394353782e-03 4.615044875311702897e-03 7.206251861367982126e-02 2.437011651431949394e-02 2.326333767151540777e-02 7.115598655334148055e-05 3.381640224618911311e-02 1.747454122303270440e-04 8.058968009473515843e-04 4.518869902181111512e-04 1.900337903373642537e-04 9.026070394298486952e-05 5.316568209566337622e-04 3.823292580146230588e-04
1.971251235793843905e-03 9.039565897475081158e-02 8.132155494440223426e-03 6.579814286202859824e-03 5.577917140979905819e-02 2.963940055935318507e-02 1.697162773970811722e-01 3.983079652548840313e-04 2.036648759982960868e-02 2.416861445774557912e-04 1.781170386827920387e-04 8.694579166914245035e-04 9.545966542213308020e-04 9.378525540226570478e-04 4.270250199434659581e-05 5.493601930964150904e-04
1.996502867399953599e-02 8.040309337843662418e-02 9.433127971510952767e-03 3.859408447473388140e-03 5.355643206077186774e-03 4.386199948215274876e-03 2.297552748494633423e-01 7.546186211320661356e-03 5.226778658960185009e-02 5.403848190809768534e-04 4.209709051888439681e-04 6.384452103262278598e-04 3.747213961345828245e-04 7.570593651221795917e-04 1.510239481224238340e-05 8.528454204541884714e-04
6.391539299340443826e-03 3.518596819255758595e-02 9.892456799698128023e-03 6.386794521523277146e-03 4.117752327114101302e-02 2.167980904025517200e-02 9.616460828487032320e-01 3.497725649533116668e-03 2.991324419827521425e-02 4.618775893798532676e-04 9.872759767045305359e-04 4.457417088020189638e-04 8.161526121293523079e-04 7.224616199386075903e-04 4.319187652114536572e-04 1.767102717511865023e-04
2.112053631119808345e-03 7.918930893136899574e-02 3.123310490216014285e-03 1.009648379848623531e-02 4.078995589561738595e-04 9.938454959619950554e-03 9.117576776651374892e-01 1.489316293269033267e-03 4.349210318847121504e-02 1.854523040052694842e-04 6.131524884116047259e-04 7.579595165125674154e-04 5.184699397229677479e-05 1.054790641866060332e-04 8.140251469051424695e-04 8.953021734117329249e-06
5.530844719642313660e-03 1.772807814249720837e-01 8.694283549131032879e-03 1.073321699067915358e-02 1.509035275993189096e-01 1.900382294580715489e-02 8.116020390075583402e-01 5.295086898968499531e-03 5.009604070137645138e-02 4.114177195577413209e-04 1.911496222668389094e-04 1.148348517546873485e-04 6.662010511600174661e-04 9.895938041978250693e-04 5.732295374186000426e-04 5.351286170666738574e-04
1.334214081270959987e-02 1.108951630355490964e-01 2.742335593824839386e-03 1.826943979441974369e-02 1.234842894189308038e-01 3.191887427264121675e-03 4.528095300990902516e-01 1.539232120425429581e-03 4.881702989482534366e-02 8.624886883954900390e-04 3.564197778258095840e-04 9.182761349727376187e-05 7.708202067804155672e-04 1.616845922015676157e-04 2.699230125304228093e-04 8.403236897582695144e-04
