1.714606978937645299e-02 1.295861181490463032e-01 8.485643045232620779e-03 1.367423488467631350e-02 9.438654874784553617e-02 3.804432699317604472e-02 2.220057704493317852e-01 4.166845646353821778e-03 2.051680882858686522e+07
3.593079471889818344e-03 8.438251401700348764e-02 5.408836428708099602e-03 1.553313760980879442e-02 9.238092965430287629e-03 1.641959291406852942e-02 4.782630813718459217e-01 3.759703659296868058e-03 3.055626345852679759e+07
1.570721250747415809e-02 1.052108721463615171e-01 4.630808277489887118e-03 1.000098784340424339e-02 1.848899509985402478e-01 8.764975691797296034e-03 6.436684300047978979e-01 2.921633807677088707e-03 2.339256240240591764e+07
8.178211287613498456e-03 1.835714230763144106e-01 6.846957406847659598e-03 1.331815076156348020e-03 7.766761501331659323e-02 7.278024498099515752e-03 5.457950235761432900e-01 7.073264123016196302e-03 1.225154676314849220e+07
6.798958199062708069e-03 4.426586667532125818e-02 1.473241174723192212e-03 3.489736494313408141e-03 4.427079926398639481e-02 2.976720422287820050e-02 9.393800232574431863e-01 6.813678012875623406e-03 3.781787722474007308e+07
1.448172864756998388e-03 5.743752329535199708e-02 3.994294847384965812e-03 1.636764846941990773e-02 1.647464079524676994e-01 2.412582955220677131e-02 3.714958935305273657e-02 8.019324881438825992e-03 2.795114551540600136e+07
1.003747276447584068e-02 1.363744386520172880e-01 9.779748314250267735e-03 5.818559209633877155e-03 1.147800704305497188e-01 2.177467720919930988e-02 8.220828697729134493e-01 7.942634827664884828e-04 3.468949713830825686e+07
1.817496675741405929e-02 1.514139362235484843e-01 1.539086290697590025e-04 9.522262073867238802e-03 2.230529543815209723e-02 3.304589764489450354e-02 3.024519385803636773e-01 5.406077169861466490e-03 1.495686548581715487e+07
5.557365807648035998e-03 7.796028837133880951e-02 7.321016372880685165e-03 7.392101342441646100e-03 1.293527577416734020e-01 2.231451677507204166e-03 7.436890465376267967e-01 9.865945700145163297e-03 1.677431389485557377e+07
1.337282164552364150e-02 1.828557315995000265e-01 2.766914377710877858e-03 1.892991621204298883e-02 1.517927071220805946e-01 1.472532657290416547e-02 1.882376826548514681e-01 1.149873937067347803e-03 3.385368626662127674e+07
