1.006864114060430394e-02 4.104696733768384287e-02 3.244901910601507514e-03 1.715474831843922729e-02 4.931684462972470151e-02 8.031226055332361285e-05 1.183035164554191720e-01 5.743554045322450327e-03 2.024170384520276172e-02 9.541680985665961044e-04 7.975839421874012696e-04 3.854930911040538701e-04 5.895281935002071472e-04 9.999908704274201084e-04 1.587217903512409020e-04 8.885241916853748407e-04 3.372891222003473341e+07
1.367430372633973365e-02 1.115889658521475591e-01 4.724861052220983085e-03 4.914644213230778651e-03 1.420995929251588075e-01 3.678372819333183136e-02 3.733570638847475420e-01 1.829965699311155661e-03 6.299420149053169783e-04 6.319109368064708973e-04 8.129748307961714949e-04 5.449604837255364468e-04 4.615258904190790829e-04 5.676096811162941770e-04 2.225864067304161788e-04 6.506670273340457895e-04 2.919633422343780100e+07
1.223020297564461796e-02 1.732657177895706446e-01 3.672535049177934503e-03 3.249387232403345982e-03 1.841308870395281239e-01 9.146660521797897458e-03 7.752708783460968145e-02 9.750655676888214315e-03 3.116084305068358637e-02 6.969027488714835453e-05 5.187987656423282941e-04 4.584666414220189986e-04 3.544285368344930937e-04 3.201384817508322366e-04 4.512907863324362143e-05 1.177320551112669399e-04 4.726258609798799455e+07
9.892813101782346741e-03 1.255164980249477980e-01 3.070525768300324133e-03 1.099709238091000144e-02 4.329500965442900640e-02 1.117190092884548687e-02 8.681673367563630395e-02 1.699805869988793496e-04 3.199309463247990148e-02 4.424748881119125628e-04 9.865069962069160630e-04 5.737274051189756967e-04 8.482886471111431199e-05 7.078703368597877689e-04 7.348615924365270924e-04 8.191823874485519791e-04 3.991947753705616295e+07
2.214436432586304199e-03 1.869577162037723561e-01 3.941556933683986602e-03 1.056876082667896656e-02 9.020121879024253775e-02 2.157814220751602327e-02 9.137714480061619460e-01 2.142701386162760083e-03 4.851360668046055674e-02 5.054253106763722083e-04 3.937544853010320109e-04 4.778376841796799779e-04 3.922814064108585464e-04 2.266450332714683806e-04 3.303677450344288209e-04 2.459217144022713547e-04 3.101207627477972955e+07
1.727923629312752909e-02 1.604741934760940125e-01 3.793078552329221496e-03 1.787894782816433145e-02 1.052551516969556511e-01 1.991024635610515181e-02 1.828954913677488803e-01 6.296031863632893175e-03 1.174405216215829335e-02 7.700068657687886373e-04 9.464072854448729458e-04 3.548341945860026907e-04 9.976270383561989218e-04 8.760862706838791611e-04 2.343586774710569229e-04 4.571999625133078642e-04 3.548554810737937689e+07
1.392380624441696274e-02 9.665761147630554107e-02 7.744431808054483973e-03 9.317618648363817230e-03 1.358853569573050535e-01 1.592097623616295018e-02 2.448983827491566789e-01 9.880472526144046252e-03 2.071018755168668388e-02 1.839355771593620848e-04 6.584505917200156365e-04 1.845905730848077105e-04 7.165184814026100222e-04 4.639589793617377903e-05 8.109471867131525478e-04 8.760787589178664538e-04 4.624501291978333890e+07
1.869751733012557648e-02 1.247623465497265244e-01 9.592963690565036936e-03 1.476941831389880395e-02 7.366313581822467316e-02 1.359934349725558725e-02 9.781261982027562585e-01 2.554276128864928783e-04 3.382835163078989210e-02 1.688610284327798884e-04 3.243273527790164080e-04 2.322232477976657577e-04 4.720775340304074062e-04 6.992027653386519419e-04 6.391550582911004370e-05 7.568234110360748607e-04 4.561741296184771508e+07
1.948583774956174838e-02 5.691755250384585019e-02 6.553208273294660810e-03 2.186585205241107859e-04 1.524388182083318347e-02 1.803440954243590646e-02 3.969222326865848305e-01 8.561531785595252741e-03 1.238996130471205215e-02 8.640934448007424849e-04 1.701682920773777742e-04 9.307410420125516526e-04 4.421892715417170675e-04 4.520430105072439008e-04 2.045175900232482026e-04 1.657193674978187873e-04 4.282787587156571448e+07
1.481139322768375115e-02 1.842744991909532892e-01 5.525882703837409551e-03 2.990238691327098530e-03 2.761097736146616091e-02 3.128720036603936661e-02 4.599089996960116777e-01 8.459149608980367011e-03 1.545528843718728049e-02 6.751719662325135051e-04 1.526560086420731784e-04 9.713878512677601553e-04 3.482778150988088148e-05 5.970213517044461538e-04 6.651875950851387446e-04 7.783099907037813051e-04 3.129212100514060631e+07
4.022499054815906715e-03 1.006321535248441007e-01 8.500725881092486072e-03 1.897847710782513478e-02 9.438969721864237661e-02 3.492475699747877443e-02 9.866920558058945856e-01 4.982540772807253666e-03 3.905304154164381675e-02 3.208374230119213130e-04 8.692286658727503773e-04 5.551463596820211061e-04 7.649826898468675522e-04 3.642123702538077449e-04 6.523323669111411602e-04 2.827853293036574462e-04 2.979761299754101783e+07
1.567839029027304210e-02 1.277726850500109923e-01 1.903024562390578456e-03 5.634083421141253831e-04 6.688212594850913295e-02 3.790575103363211240e-02 7.627531675893622909e-01 2.626807779943390788e-03 3.476755792699031539e-02 7.835602623947894758e-04 3.308351096944725533e-04 9.402033890654926292e-04 8.739806219246186881e-04 7.278643912067700450e-04 8.419863182330193348e-04 3.069238697487446121e-04 2.739462139961630106e+07
1.026348531593670663e-02 6.903552817404656761e-02 4.110127047328434452e-03 8.795756336194872349e-03 1.825592744747357443e-01 4.892443690229493145e-03 2.504094875798345554e-01 6.922715107230945769e-03 4.186347125907849409e-02 2.979155968720128026e-04 5.544733551735463780e-04 8.853748233140892919e-04 2.845627390336124413e-04 9.783496856222879956e-04 3.272332685751783350e-04 2.580653422060238565e-04 3.273347671820162609e+07
8.065208271179118149e-03 1.185080720533699256e-01 8.734804049947022739e-03 1.131054821346849822e-02 3.827985738345249245e-02 3.810954328249038098e-02 5.521871034059937511e-01 4.107086547287740544e-03 3.513097275232403283e-02 9.447257235506740115e-04 4.952704612290617994e-04 2.837886890439271005e-05 4.828109679113345445e-04 9.083781607257809332e-04 2.402695132052627236e-04 5.314417619941693783e-04 2.134384928081921116e+07
1.058892319601165664e-02 5.957226532682202008e-02 6.388027128577242718e-03 9.610759685085342591e-03 8.779758207130025638e-02 1.035067351411752927e-02 7.747462270210146995e-01 9.092266151111241465e-03 1.387195376586787196e-02 5.183625712905800230e-04 8.831312292704474607e-04 9.013867653949457796e-04 1.522431003237670745e-04 9.430503319246649101e-04 7.640828079501177188e-05 2.140769759227818995e-05 2.227220040325449407e+07
1.285900261392613174e-02 1.888783160427428276e-01 4.356374065867539601e-04 7.410931699014450431e-03 1.511391015091055889e-01 1.480548422873906311e-02 6.560151782453989000e-01 3.570627488948387683e-03 2.167985849903524172e-03 6.611547915581028698e-04 7.676646808451575293e-04 2.724699651232111229e-04 1.897400494739678737e-04 1.126323559622300002e-05 5.874266166082859247e-05 8.055379732734025680e-04 3.602059828833749145e+07
6.203987736859152037e-03 7.477872168896530780e-02 7.946898475315399002e-03 8.920269672143070136e-03 1.984489738573971818e-02 3.683770578803020196e-02 8.868456524419547904e-01 5.575338626597586529e-04 5.638114199995644671e-02 4.085375592331705091e-04 5.762358998101054690e-04 6.589713097619156112e-04 2.070251608911703994e-04 6.156126898208064612e-04 5.517935500951271855e-04 9.078388497195541228e-06 2.650530214344429597e+07
4.416888907223106425e-03 7.103547368115169236e-02 4.313793082474133220e-03 1.513149206756477828e-02 9.919074353854494264e-03 2.804028766639107134e-02 1.386317977799499113e-02 4.064615802337242373e-03 2.882522184865249359e-02 5.234473789414270835e-04 1.230779915995080175e-04 8.943668727363338934e-04 5.576575763620413495e-04 3.546527063639558306e-04 5.863865633564944221e-04 8.666068242805253629e-04 2.302651807243155316e+07
1.500537028121020668e-02 4.498087081131097592e-02 1.274238059855169669e-03 6.068381038981975929e-03 1.379033711198758005e-01 3.046696691480122246e-02 6.662474856957860680e-01 6.174806024862153700e-03 7.982403147647410685e-03 7.368825140630806333e-04 6.902826815702960399e-04 5.381025321702314311e-04 7.819065698621685935e-04 3.336739810051163758e-04 9.234052826178131034e-06 2.223278281302997687e-04 2.018936057075389475e+07
6.968860364501135336e-03 6.176554769658963717e-02 8.600461935527018917e-03 4.573999935634977948e-03 1.468987048363313563e-01 7.212052518870939316e-03 6.474248489211760216e-01 2.993992914350509377e-03 4.603539286640889738e-02 1.484203479671449173e-04 4.647256565077659903e-04 6.358302521817318659e-04 2.524379970839574954e-04 3.400262303832340830e-04 4.881464562175352783e-04 1.535976799575568394e-04 2.530391435995948315e+07
3.373148778953814937e-03 1.355603901671068312e-01 8.973131350375458323e-03 1.591360545918335534e-02 1.804730272839357719e-01 2.046482644767676912e-02 8.575086702629736157e-01 3.882153530575710703e-03 9.263448834271581153e-03 5.769009079971765611e-04 4.505501994093942444e-04 4.995228163377160319e-04 1.478053433765438992e-04 7.901962165079829369e-04 7.409122016906875179e-04 3.408840455269473491e-04 4.244890669047787786e+07
1.757216444980226264e-02 3.181518801847200290e-02 2.510085899694572322e-03 1.338684246450729670e-02 9.332443458191103103e-02 1.608322546618538157e-02 2.398592523109644714e-01 2.721285527486087732e-03 3.260407685562956986e-02 6.180444235851266033e-04 8.909630782731759325e-05 2.561291628045764203e-04 1.135193654572261898e-04 2.907412688697684228e-04 2.625832701964465324e-04 9.405022275871965541e-04 4.402392939842858166e+07
3.117829996710756377e-03 9.210632717696966287e-02 1.485292567385840061e-04 4.227791483085832462e-03 1.083499632306862415e-01 1.662601738809961135e-02 3.821256940412120356e-02 7.963924402165837137e-04 5.957556305780945666e-02 9.796425116594036173e-04 4.269316459170071861e-04 2.976768305419752285e-04 7.323310187643824283e-04 8.973768885061125106e-04 7.729973551617973096e-04 6.993569191130692263e-04 2.751760762325276062e+07
1.677971400178792510e-02 1.477997634677880590e-01 2.000950089872762482e-03 1.686841647678025830e-02 1.877492683490959990e-01 7.645177765831054351e-03 8.173204908465756535e-01 8.827009582595147716e-03 4.400930307625378068e-02 3.127705792167184543e-04 8.038817917197372924e-04 2.847912170347001123e-04 9.063024157447417987e-04 9.133564876008228245e-05 4.527887243776450819e-04 9.391665120376625547e-04 3.917665020746207982e+07
1.591775042324912806e-02 4.731557927182213075e-02 3.434826172632747272e-03 1.189936540102138479e-02 3.615891042767723634e-02 2.711167201585696837e-02 6.355130202124759098e-01 4.436071364221411475e-03 2.579260328226898671e-02 8.876022948321825702e-04 8.342312728452655349e-04 7.128853316903829666e-04 7.219799933310165965e-04 6.226205231056264680e-04 9.637145201277251333e-04 2.714178386551881900e-04 4.449160400915704668e+07
3.837980510176741949e-03 1.405504780910422635e-01 4.971269567802975159e-03 1.763146994985139923e-02 3.596596796784465311e-02 3.279252324335591579e-02 8.452405785850672926e-01 1.103243279490024285e-03 5.345954738574125453e-02 8.404542611684980968e-04 9.457832693582785824e-05 8.275369761077779659e-04 8.482879890406718219e-04 3.770964987096286024e-04 3.537404814055363227e-04 4.115232114807021555e-05 2.481453324958177656e+07
9.052538354249867886e-03 6.325951218503544915e-02 7.019228746316845749e-03 3.631807793096753119e-03 8.943841794572437998e-02 2.178365741222940914e-03 5.165400681394775040e-01 3.929916864520493699e-04 4.131861147096239223e-02 4.510070672787692123e-04 8.475021179908324683e-04 8.639948031261682529e-05 6.632626590579446865e-04 8.537776384703581883e-04 5.186352936405443179e-04 3.817919138523778624e-04 2.627633127524580434e+07
1.344804663213905287e-02 3.697727304358787437e-02 2.346804458705602225e-04 1.493206090937753382e-02 1.591819174598743392e-01 1.178737667063617899e-02 6.089968046370901611e-01 9.403437360101759776e-03 5.824432348176358798e-02 8.549371461148953062e-04 4.189193190883325440e-04 8.527465123368060474e-04 2.627954770170634028e-04 3.959107549047540735e-04 3.753004644594542020e-04 4.670463363688439522e-04 4.013532936769971251e+07
5.296172488742896013e-03 1.718513049066703879e-01 2.670584454306878727e-03 1.283746088208181577e-02 4.637386067110123994e-02 3.201731148411058464e-02 2.609768618438729759e-01 7.493206701259980292e-03 3.985764942882268069e-02 1.349090476673101544e-04 6.849055501581257374e-04 2.199010422906803918e-04 1.001146572869150784e-04 6.640082873899064717e-04 2.798101484975581824e-04 4.968758151746036295e-04 3.875239924288506806e+07
1.971936307566315300e-02 9.518175402560495602e-02 7.541035934391671428e-03 1.006409575506001138e-02 1.383014972201203896e-01 2.406244525605737844e-02 8.002102791388743253e-01 5.449070330125108975e-03 1.719753004832619975e-02 3.022991249585627710e-04 2.436015803521432964e-04 9.236869915271033208e-04 8.226274047271911428e-04 8.205577917541438801e-05 3.834698894025633409e-05 9.644091329070741828e-04 3.398289361425550282e+07
5.816863642935540119e-03 4.929397027585291635e-02 5.192541990664573115e-03 1.523947829799892316e-03 1.883597924232060239e-01 9.702152595682515812e-03 8.989242085764962420e-01 8.338640990822881668e-03 2.492228976221708830e-02 3.575969978915936941e-04 6.352978166070778017e-04 9.512913556263388661e-04 2.469539042183230520e-04 8.403911608132430501e-04 6.977045624261099706e-04 7.892775629443977070e-04 3.418068939271754771e+07
1.511018832127666292e-03 8.865501352113652755e-02 9.252222331375932821e-03 1.242992322072278798e-02 8.331323428229507611e-02 2.732350123107659540e-02 3.606620448123464828e-01 5.951156815689935715e-03 4.934475730270428129e-02 2.403017315018648206e-05 6.255353810552203436e-04 6.105971134480446278e-04 1.660682568286223711e-04 7.186389046752304126e-04 4.366789436799479009e-04 8.890121410439124760e-05 3.701929531518872082e+07
1.202741049894911173e-02 9.888103277481935516e-02 5.287881613852176907e-03 1.074991902594936780e-02 1.572195345938156019e-01 1.271662710584031512e-03 2.485817187526517119e-02 2.896063727309738847e-03 2.113835908490873869e-02 2.477653021652590111e-04 4.420341871522730118e-04 6.834188307240533300e-04 7.909798720339496388e-04 1.388590969595483748e-04 7.979029248802069988e-04 9.067935167886933580e-04 4.876835956251081824e+07
1.982798794559228681e-02 1.227674542304268562e-01 7.363144155198051528e-04 1.456113292346380983e-02 1.493178439903301846e-01 2.786026808143776679e-02 4.104984751026325984e-01 6.816761590579564593e-03 5.703817297921767032e-02 3.420152756280774205e-04 4.890152375052533992e-04 5.010377166953138483e-04 3.342064000278811863e-04 8.158217812856292852e-04 4.275360305015993550e-04 1.229115818321188235e-04 3.804655293225562572e+07
9.271601685656169836e-03 1.493517775480490695e-01 5.016775414484115660e-03 2.030573247696373321e-03 6.161889094208324036e-02 6.596387539268915544e-03 3.239820435030416057e-01 1.544044685946086015e-03 5.803443735332309075e-03 9.642371440206308746e-04 6.439460775510117861e-04 1.183984691088221818e-04 5.318710937757634713e-04 8.290330510671531806e-04 5.495899669017759431e-04 2.657964344965340763e-04 4.163194348145553470e+07
2.001893982816963045e-03 3.946895182876036801e-02 5.645263914776917601e-03 7.216553351428036528e-03 4.119927388348455614e-03 2.981095107008241429e-02 4.083015498398695486e-01 9.975093394920473908e-03 2.287027396175077276e-02 8.035890588265585943e-04 6.640564823420945419e-04 8.417663935393907221e-04 3.793282422580810656e-04 8.339252821660798985e-04 7.620311466598741687e-04 9.789752624698598495e-04 2.292994948177204654e+07
1.626955074937634681e-03 7.611269150285213114e-02 6.691629627247774707e-03 1.844379162989893961e-02 1.780309361486016040e-01 3.866149483828688199e-02 4.798851743862170838e-01 5.695377858284566414e-03 3.629811764124886431e-02 2.128681591502911265e-04 1.301410512381589654e-04 2.280498366855722230e-04 2.211434908731488302e-04 2.742150845135176199e-04 5.303311009359487150e-04 8.382161972275441100e-04 2.677154955803279951e+07
1.529458603518062294e-02 1.660317860436966997e-01 8.434148673299722218e-03 9.817999536358675353e-03 3.035773096441777424e-02 2.944877430667578594e-02 5.937623597943353371e-01 5.291089432609967502e-03 1.449191856816286518e-02 4.146648819721141833e-04 5.709136571025153042e-05 6.476708049985674094e-04 4.145869616493933537e-04 6.348936928910084659e-05 3.001960038950671271e-04 4.712138444054548496e-04 3.719746695268446207e+07
1.646123768401368259e-02 5.489504494114005873e-02 9.613987998524928594e-04 2.782373948927708857e-03 1.777138433143825025e-01 2.498222772134572889e-02 9.060224017233290406e-01 9.554053910394931168e-03 9.895733973713769643e-03 9.235491448439611152e-04 7.293812831925681659e-05 5.811574504490851426e-05 9.855928917723555914e-04 2.525853780884842895e-04 6.471019591946110781e-04 7.422711059453159649e-04 4.356819744606150687e+07
8.998132195056372795e-03 1.468646943941274707e-01 9.704330750486130433e-03 9.543927213434456533e-03 1.223760837191124468e-01 3.335819941191844190e-02 9.926004730754716121e-01 5.519051395781253769e-03 1.616393387557435619e-03 6.414316120696110643e-04 2.650509030596008179e-05 9.869004683222219049e-04 8.661873588544074859e-04 2.863216930181698401e-04 6.033036671942809638e-04 3.574797529968113449e-04 4.212708699381311238e+07
1.142831112087579898e-02 1.567789751280457833e-01 2.352716721710372810e-03 1.165060599179081752e-02 3.470345538295614360e-03 8.456904854139506850e-03 6.240030461809203954e-01 3.670752046407759362e-03 2.413673645561047881e-02 2.859180099657258043e-04 2.347195786375560426e-04 6.254803761629703284e-04 2.189746872635754574e-04 5.531098620775884661e-05 3.909149072180456599e-04 2.147315934900547775e-04 2.341852167617534101e+07
6.067628290981143951e-03 6.706707404210551782e-02 4.245529778204913327e-03 8.417011162039559138e-03 1.925880946938883787e-01 3.808353460873121349e-03 8.729455151596979823e-01 7.803272473377420582e-03 3.121842492659359595e-03 2.643346792201741575e-04 8.912387250336271374e-04 4.324867587303129449e-04 4.648114138725801880e-05 7.687916925525860312e-04 5.232549422539109788e-04 7.063282497222100236e-04 4.964487722913193703e+07
5.691133717650698545e-03 1.204599715894253270e-01 7.360859313561959362e-03 1.213258056008637703e-02 1.999839817023313648e-01 4.568868297055170627e-03 6.879160131891443042e-01 3.479494902411998068e-03 4.736021305348956170e-03 3.880532082758367555e-05 3.471008150298109823e-04 2.488309111746415036e-04 5.172297379042688475e-04 7.746471389665272487e-04 5.958591809609793980e-04 1.882424308229357077e-04 4.798080617677517235e+07
1.086145027531384630e-02 1.577083778311032802e-01 4.633779448389884446e-03 8.346554773247175226e-04 1.132174951941261887e-01 3.595753862560851360e-02 7.407938127935701500e-01 4.171187735543703664e-04 1.183346826288788744e-04 1.918875677218020927e-04 8.717083586208705312e-04 3.255351342274315305e-04 6.415668393333046711e-04 2.141019587687897723e-04 2.942203538711969787e-04 1.323924250569757032e-04 3.045718990346568450e+07
7.583962630146009673e-03 7.040123475432052969e-02 9.461671602658658711e-03 1.747756937758048260e-02 9.838116682776336386e-02 3.093225741506253762e-02 9.223151896969322347e-03 1.465334080125335831e-03 1.298888880639973570e-02 9.882309389040084581e-04 1.415931109930700115e-04 6.443891688219559669e-05 6.017693382756388485e-06 3.363469228682616904e-05 5.739893424518266712e-04 3.226087028594870680e-05 2.463432229463900626e+07
1.779259057580212869e-02 1.322684615756005710e-01 3.899133919270232032e-04 1.950443529904966403e-02 1.209847079286321403e-01 9.440545779985270655e-03 6.301043290465581370e-02 4.253004242811122236e-03 2.272508871851819379e-02 7.503405328786022217e-05 9.005297643372608659e-04 1.904487671991643492e-04 3.270629093061424610e-04 2.338383984069371539e-04 8.007589262516463932e-04 4.385336689024298758e-04 3.833489839173111320e+07
3.532858513751257513e-03 1.767246262884271113e-01 9.074519716028562472e-03 1.868983288860286834e-02 1.172302315383118715e-01 3.363585630614994351e-03 7.581716850850870326e-01 5.863400818547913861e-03 5.656883499426618167e-02 2.070946974130469969e-04 5.392857450527478204e-04 3.658450610038576777e-04 2.952116666674217639e-04 1.236842489455972267e-04 5.039646713404187777e-04 3.953440065471265034e-04 3.227013606829963624e+07
5.006297758782858208e-04 1.161171297225335464e-01 7.161208726705436782e-03 1.266309784444920143e-02 1.955822182477445770e-01 3.003374028325245249e-02 5.335320425298404334e-01 4.738366462265668384e-03 2.705207783744307051e-02 7.266370677762597858e-04 9.969561386248054421e-04 9.135994786694249170e-04 6.088772668501746255e-04 2.642957050210623668e-04 1.173161922955677879e-04 1.011789986502285513e-04 2.413231056933234259e+07
5.045854885238485604e-03 8.418344342396225088e-02 2.104656603741995521e-03 1.640147582242017232e-02 9.741480368249441635e-02 9.089759681175998843e-04 7.877437857207906236e-01 2.072813506965447659e-03 6.478351776187009012e-03 5.350342874597864031e-05 5.478193637435517255e-04 5.213081164711602482e-04 5.970071782505994868e-04 9.577583050069360089e-04 7.861712925881403531e-04 7.338924965544662323e-05 2.091124258985361829e+07
2.756348829305242903e-04 1.431566142375155781e-01 1.662628894445386226e-03 1.908083564815337904e-02 6.977725852686012670e-03 6.060904865286691895e-03 3.514237883828476572e-01 6.039402774726192191e-03 4.626289785113284203e-02 2.231753009732397291e-04 7.284576899248509279e-04 5.994044015968086466e-04 4.222353380120951729e-04 1.131433490326999971e-04 1.976238472452356270e-04 3.256859093451153577e-04 3.490033321815877408e+07
1.784552385200434410e-02 5.807366727968601289e-02 5.185064248728791332e-04 1.142837488638844164e-02 5.506951268147678574e-02 2.104211042954953412e-02 3.181209140817375935e-01 2.529622317388471008e-03 1.869218140496011274e-02 9.029908270305955905e-04 3.789426497109269908e-04 7.091633284626938519e-04 6.300382536334265182e-04 5.597329825769358988e-04 4.630678037161182928e-04 2.948256161545153458e-04 2.197700653130198270e+07
7.729218912439756069e-03 1.968545291457541868e-01 1.132944943008823467e-03 1.357761282705642267e-02 1.643795002084907086e-01 2.268144702259314305e-02 7.132661342051322961e-01 7.525802676601110047e-03 1.769591713474047076e-02 9.200118890846028803e-05 4.071967643316231895e-05 6.964644133399351331e-04 9.819116992503122189e-05 1.544935968704227015e-04 9.256860220777054409e-04 5.933025696845904955e-04 4.598968333281173557e+07
1.672632543258028908e-04 6.553083840069502675e-02 9.381426249433045400e-03 7.635124688306644397e-04 8.508933101820183309e-02 3.292446910380790459e-02 4.490615732767200274e-01 1.917275942078682828e-03 5.256145045503442942e-02 4.988343534557110581e-05 9.223777226188459950e-04 1.580741498504928386e-05 1.311361728437399948e-05 1.915829292463463844e-04 8.304950731094364698e-04 7.929172295028580949e-04 2.255658470229044557e+07
4.289185589399316725e-03 1.554969427846658314e-01 4.056249725319834194e-03 1.363132311548996035e-02 1.552814854702797565e-01 2.204068497708598640e-02 3.432331423316529184e-01 9.833703731752807282e-04 5.918529547789489614e-02 2.581177495271423736e-04 1.844597937410281897e-04 7.851599921402067775e-05 7.475280635559488230e-04 6.585572557320051694e-04 3.632214869550927827e-04 6.126846221829545212e-04 2.801114064579458162e+07
1.336957979284742089e-02 1.780226505990693264e-01 1.511264096860575994e-03 1.419437341657664095e-02 1.733825563231443656e-01 3.978219944788644741e-02 7.288704848062840247e-01 1.097790568855240220e-03 7.229175596750307166e-03 4.323119415593958278e-04 4.379427967848465190e-04 1.658650529622273620e-04 9.249373119463910522e-04 6.860107835919655381e-04 8.702761203091385336e-04 7.629139988071336181e-04 2.876089333813244477e+07
1.174650083332452050e-02 1.862833502146585274e-01 7.259581846365290546e-03 1.023925354833993794e-02 1.746082913758477684e-01 4.135967859153784516e-03 4.980000450607310891e-01 3.780371708989137183e-03 5.293945341709452301e-02 9.902171102709163633e-04 6.722731682486983180e-04 1.374653455550303629e-04 4.359480010073264050e-04 9.315315016545431918e-04 1.297023395711665813e-04 5.053673550500045351e-04 4.660743927423524857e+07
5.404581334384718147e-03 1.932350356719812756e-01 5.939957427700858286e-03 5.017120148940366030e-03 5.718838177825494307e-02 3.478407133714202237e-02 8.373221853461979558e-01 2.210105324722171864e-03 4.150555878219699436e-03 3.967625232884395376e-04 9.396354755933345425e-04 1.028402774774558187e-04 4.900964799732370229e-04 5.883274366258893408e-04 4.092640047338324161e-04 6.788273975117076978e-04 3.006675353396549821e+07
1.709327401191798601e-02 7.777532033964784652e-02 9.142777010608570815e-03 5.942202121140980654e-03 1.277433243473959645e-01 2.015279145949266937e-02 1.249931962979794198e-01 3.270236108940223745e-03 4.742331931634654468e-02 8.564592724434101243e-05 7.556661245434867415e-04 1.281868252388886943e-04 3.697566310704418361e-04 4.667893316950345634e-04 4.474070828863886511e-04 9.284399039634466102e-04 4.324363679838044941e+07
9.780987727974472037e-03 4.628619670525681296e-02 4.813817539059828642e-03 1.679035887820102754e-02 7.586664301980804159e-02 1.874301521741948782e-03 4.306624908874757685e-01 4.834024984715094321e-03 4.986048727417465715e-02 7.542156518691680482e-04 3.568424052068400426e-04 7.452386470992433936e-04 6.722936383837023683e-04 1.706961066600779528e-04 9.071825745965832882e-04 6.061758344874872790e-04 3.644289913035672158e+07
4.778355161759479698e-03 8.571237940954067047e-02 2.765387884879160190e-03 1.424942664923595920e-02 2.892891172542207123e-02 5.335355545091864833e-03 2.165902639355069270e-01 6.539250286770261975e-03 8.805049024139210284e-03 6.068830257437482891e-04 6.116974710053912868e-04 6.021698361094374912e-04 5.158713762187371477e-05 1.416182397044443481e-04 9.182428989518412379e-04 4.204304274478285548e-04 2.375252836536758393e+07
6.590856236464536291e-03 9.395550734993265984e-02 6.109989451421223017e-03 1.968558857234265283e-02 6.326541666845864054e-02 3.360955211252389385e-02 4.492239412912475693e-02 2.496943437925653805e-03 7.144119127375629999e-03 8.236406847977267116e-04 7.138042776418574873e-04 4.085377629322919360e-04 7.534557356011495344e-04 5.386689550272301093e-04 9.397782788920334366e-04 9.931164704607294523e-04 2.420462072076692432e+07
7.006815630421954662e-03 3.143367614855335085e-02 6.898408512869156836e-03 7.605003219795477762e-03 4.140503284156307751e-02 2.564116394266502050e-02 5.928607408629694986e-02 5.362302323052029786e-03 1.560940250811016471e-02 7.040304384966996915e-04 3.063054825582250842e-04 6.757484059638317738e-04 8.966236253541905610e-04 4.441435871608055241e-04 7.186919039971236120e-04 7.384943503854231707e-04 4.103817755519445240e+07
1.121893353997889357e-02 1.509221707013474467e-01 6.797491908578051460e-03 3.521292042974470855e-03 1.675682758542459960e-01 2.442996400470737184e-02 6.166082413013056485e-01 8.668811329549379330e-03 5.563200826196379456e-02 5.837968445665424940e-04 2.619813845015188923e-04 2.630247500860976662e-04 6.134818805101003008e-04 5.147314633526419965e-04 8.978041127318815403e-04 4.458192473407759752e-04 2.594649255675428361e+07
8.407183680788694879e-03 1.799265621352323097e-01 7.682693686330840238e-03 1.312440602182179776e-02 1.001742680740048547e-01 5.667631673379856664e-04 5.843504300811632746e-01 3.399950958161132141e-03 1.965933572237910446e-02 7.600406954522622056e-04 2.242521348108756588e-04 6.607734518119905143e-04 1.940059571951713475e-04 7.503660087789241259e-04 6.262835953362116915e-04 3.194832322128814280e-04 4.061102346603494138e+07
3.617374746338945964e-03 4.321946872756101538e-02 3.162860939267541759e-03 1.409162576197300909e-04 1.411816974479853659e-01 3.940970763771082380e-02 7.957381144756685565e-01 6.672608588629822847e-03 2.374668425506512928e-02 1.777546094508383669e-04 1.026802235344073330e-04 2.085640153828685942e-04 6.213857130381978365e-04 7.821147276528691520e-04 4.773199999188594924e-04 5.651319107075083959e-04 3.326563453845524043e+07
1.113857309755388568e-02 7.972201545925799993e-02 4.470144260297848927e-03 9.094781329939549339e-03 1.326725997561876980e-01 1.139785800382819674e-02 2.010615569834302008e-01 4.310296356497924850e-03 5.073731473665398645e-02 8.751641723841099146e-04 9.161420741518695385e-04 1.439027264793844949e-04 5.467945500739907752e-04 9.297996794871888791e-04 4.180692821750924535e-04 5.381664080620638454e-05 3.243596470009681582e+07
9.411211483094828953e-03 1.954179564635037392e-01 7.485219438021627203e-03 4.078435144785589814e-03 5.963563212472100528e-02 2.366091054497230367e-02 1.044761107215045892e-01 4.708562130069037340e-05 1.132739889527401012e-02 1.244517929046241519e-04 9.501013802197950638e-04 4.442621921571395481e-04 6.622334892570485036e-05 2.353777149661230415e-05 8.667930956698958675e-04 6.130572135457561060e-05 3.300350902656155080e+07
1.817244516327677292e-02 5.178597513392536877e-02 9.428662075771977147e-06 1.619009031649024100e-02 1.202072761710253068e-02 2.654056574129434048e-02 3.804570694603384151e-01 3.953034535924834260e-03 3.721264386842323968e-02 4.624527155077717616e-04 3.158949299773701177e-04 9.993511456748832827e-04 9.522267318175784605e-04 4.741895816029345102e-04 7.034697701108933192e-04 9.819526534229968285e-04 3.947743850157718360e+07
1.255763558587272462e-02 3.650113135177322082e-02 8.272907445536043305e-03 1.729493695337840174e-03 1.685688940034782979e-01 2.358208438667460174e-02 2.951050135587451884e-01 7.985603586595401565e-03 5.807087320890289700e-02 9.140026718411046894e-04 7.385475045352487460e-04 4.109696439603146531e-05 7.608928570373398243e-05 4.242032695274778687e-04 9.881653808976914762e-04 4.007846736685891781e-04 4.466114520700272918e+07
1.915607005491739775e-02 8.719192018201747663e-02 8.999279240440530986e-04 3.001158786487140902e-03 1.969261565520876167e-01 2.847117279132303086e-02 9.405411309418177934e-01 8.022911193391334822e-03 4.511338987802614164e-02 5.970837273443587757e-04 9.677995136646141885e-04 8.051971020858779545e-04 3.135722907416187404e-04 6.477042518655208754e-04 1.611100737440334296e-04 5.217815034471956319e-04 4.750851117707398534e+07
1.311122633430454425e-02 1.174055320786372564e-01 6.403423952056602926e-03 5.252307002212261086e-03 1.906781004296347337e-01 1.229102613712916223e-02 1.490164113871963458e-01 4.658543216997147914e-03 2.985931124124804881e-02 7.987267300778161643e-04 1.973439642434864051e-04 7.966046252126268061e-04 8.554799547299502894e-04 8.082962430348147268e-04 7.583015912146169385e-04 1.471512941263862658e-04 4.082239262472334504e+07
1.885877517199797612e-02 1.439723882452308423e-01 3.524101089051510927e-03 1.840465959828421717e-03 1.624507768699537946e-01 3.124673449528173486e-03 9.653911504737830995e-01 9.219431407503758322e-03 4.316270902341366733e-02 2.717263388569436102e-04 1.113301144331051422e-04 3.470265411663620556e-04 3.429667401292062364e-04 4.914383102535370201e-04 9.425996968979600404e-04 5.534498226510584052e-04 2.159700960166675225e+07
1.844050483976691695e-03 8.169271954403778402e-02 5.862692065235774325e-03 7.904872635555906801e-03 5.312332241271142813e-02 1.906085549598216661e-02 2.773992675252253126e-01 3.101887146100080171e-03 3.154351690549029447e-02 6.943120980384875820e-04 4.015274097954854614e-04 3.129565874210233126e-04 1.301642350681729034e-04 9.800893739453236681e-04 9.724689418047502767e-04 1.473323516367087593e-05 4.516172393549099565e+07
1.067967214248793061e-02 1.349310128486682081e-01 8.369802584863642730e-03 6.258007426818165339e-03 6.544224292244571473e-02 1.764172641763121774e-02 2.824450268516453533e-01 7.600619535844616373e-03 1.655316608844543957e-02 2.319885117289246449e-04 5.033619716531730895e-04 7.355463174930197299e-04 8.321330822465335684e-04 6.075391933718951414e-04 4.968135797800337988e-04 5.732943832143216206e-04 3.140317494733579457e+07
7.884131935993523091e-03 7.404012120844452594e-02 4.597900158457743705e-03 1.629171780888251722e-02 2.142972524780802079e-02 3.180814498140190072e-02 8.293068610947956776e-01 1.742183127108282246e-03 3.030837737323172076e-02 7.159616210693610719e-04 5.262301556896566233e-04 4.811088700589765820e-04 6.843702082951423193e-04 7.438864542780135346e-05 1.430157417366518342e-04 5.152401194336972325e-04 3.521001822136791050e+07
1.274891465271236167e-02 1.371565544234453204e-01 7.881733305775729531e-03 1.243860185645126720e-03 2.230945076138362432e-02 8.279592999529787611e-03 2.280254033838279848e-01 8.170289491658263431e-03 3.329603748207117520e-02 6.572037748358899780e-04 6.075851465345170552e-04 8.755508112366186839e-04 4.050814679745518032e-04 4.378865732718130108e-04 1.893558440189928446e-04 6.291421509638731990e-04 4.254662319471307099e+07
1.414758658247074023e-02 1.822735816714070589e-01 1.343880647285274196e-03 1.397840380053667203e-02 3.311266848171632443e-02 2.290940673974978942e-02 7.371731536680740104e-01 8.734490079145265998e-03 3.705489683072946822e-02 6.846961145375274034e-04 2.843214997429303914e-04 4.186148624405405198e-04 3.808297587953494252e-04 1.045649602329431777e-04 6.379203816108613371e-04 6.683433965522826096e-04 2.865908586731346324e+07
1.189471526839290180e-02 1.069306943735498089e-01 2.487629665581750187e-03 1.817725929147569197e-02 5.095557510007802521e-02 3.601813505360539069e-02 9.388808990319504888e-01 2.361108951505246772e-03 4.879157980558764679e-03 5.696605118965673885e-04 2.070311807363256354e-04 3.021107389100824458e-04 1.723195048477866914e-04 6.399062567473223859e-04 9.598179965555371637e-04 4.119310911577095109e-04 4.910325627142980695e+07
1.551709043757659723e-02 1.610254606115421039e-01 5.780950147128974780e-03 1.823230679937805354e-02 1.317936699491302766e-01 2.198113487327512522e-02 1.372368576027477860e-01 1.234447620689451720e-03 3.801699419213377257e-02 3.390730423599973026e-04 3.816902256738623146e-04 5.124723797357065656e-04 4.540780155835345833e-04 7.405031986070024748e-04 8.821155954792193670e-04 9.592739648830736834e-04 2.546028895299139619e+07
4.991681823987940796e-03 1.316146677237865215e-01 9.961625697702765347e-03 3.941748998536845350e-03 1.707385944530939448e-01 1.724608237149203790e-02 1.588851022413122482e-01 9.186878321220648055e-03 4.045130772723213447e-02 3.858871055659813718e-04 5.916999549708669252e-04 4.252927614936334155e-04 8.122768296703006827e-04 2.018824443059563547e-04 1.734407909775199659e-04 8.569596443197021038e-04 4.760450864186879992e+07
1.100542235908341399e-03 9.102722017000899890e-02 2.950353117734693265e-03 1.986157901763721187e-02 6.864628359428186222e-02 2.541186397087954497e-03 3.318696099864948956e-01 7.317860473681684838e-03 3.574647304372646772e-02 1.022673915483539900e-04 3.534908034453114126e-05 8.696633837013711434e-04 2.709391848848844635e-04 5.724402298124064243e-04 6.776547514947847770e-04 1.936517730342328240e-04 3.585971458141881973e+07
9.328668889067418023e-04 3.504583730562011584e-02 2.813667946793010476e-03 2.426711986248519283e-03 1.736046067135022311e-02 6.865602995365574848e-03 5.734980187035546573e-01 9.343302866329726217e-03 4.356316412210178846e-02 2.709563288694517558e-06 2.921957193187016389e-04 1.787197416975600125e-04 7.025375518956188722e-04 4.151263427957220206e-04 2.894501970278404559e-04 6.456583441012419839e-04 2.698025317535794899e+07
1.232342750994968239e-03 1.999022443658106385e-01 1.436004411352870876e-03 6.970254056697021590e-03 4.461916002954854216e-02 1.061542822410133612e-02 3.087883037441370160e-01 7.040807825761948892e-03 2.608341799043111323e-02 3.735497502589439308e-04 2.732226301832091581e-04 8.142285288085263301e-04 5.012800576223169638e-04 9.600876677661240649e-04 3.458998398539418610e-04 6.371272186016881025e-04 2.036756773006186262e+07
8.721666595686657433e-03 1.401278321357969647e-01 6.044020744784668608e-03 1.551559715486706091e-02 1.291706119563224842e-01 2.543563504159376820e-02 5.408058819139420770e-01 5.010020745528813609e-03 4.459923380968962292e-02 1.540214747581692550e-04 8.206542382101818115e-04 9.349689667092633903e-05 9.341349265531247907e-04 4.084537562003379444e-04 5.664700820609178643e-04 9.139336425829513869e-04 2.949170658669360727e+07
1.422769318558908536e-02 1.098014347571535793e-01 1.089429201626041432e-03 5.409327453381912974e-03 1.608545848998467753e-01 1.686141408226127236e-02 9.571492057561221678e-01 6.753824223703938472e-03 4.874665123819085094e-02 9.377714653528115190e-04 8.550655937661933445e-04 3.797961224103692289e-04 6.965800416181734548e-04 8.661492578624461081e-04 1.025742374962341157e-04 4.808610019472493984e-04 4.548099206970961392e+07
1.452831617886380343e-02 1.684704195785692860e-01 6.262827658519602887e-03 8.091357587885060487e-03 1.123907158909731889e-03 2.611901472907824512e-02 1.615054960943267393e-01 1.602573517916063700e-03 5.401639389694119081e-02 4.743033401216466423e-04 3.682639731904759810e-04 7.740956417882457379e-04 7.721794959741947731e-04 1.877241568454273053e-04 2.595999798260046265e-04 6.807712706131220171e-04 3.673432581973016262e+07
1.696422915403604514e-02 1.926551729798031132e-01 9.869090741133425965e-03 1.102550107742473681e-03 1.141056249998036454e-01 1.956094150877011467e-02 6.997680323139269243e-01 5.121552952718000547e-03 2.821868626090563367e-02 8.119194693780812464e-04 2.583575226748295985e-04 7.891957889657031213e-04 8.897728344821752462e-04 2.443621521284703867e-04 2.221453672748949739e-05 1.775188899792210873e-04 4.133100901390584558e+07
1.920673584787439825e-02 1.034451922768782201e-01 8.859411849159618685e-03 1.569434199173054892e-02 7.723085856563088880e-02 2.900077565790219053e-02 5.610997413121547872e-01 1.373439175693598295e-03 5.486067782741529952e-02 4.854663859114995237e-04 7.437023623065261999e-04 9.697313273066875475e-04 3.095859872561843810e-04 5.065214623758570144e-04 3.195121415003949919e-04 9.625463374607986947e-05 2.075993850665083528e+07
6.696635942862631981e-03 1.015403893494018911e-01 1.747245810550387144e-03 1.530266135900733120e-02 7.942445006429238452e-02 3.882098391173228330e-02 9.193864309603864970e-02 4.558633500566327407e-03 2.410811246904941921e-03 5.391904736561811641e-04 6.022335361753037463e-05 3.904177430264931968e-04 2.732739394967794087e-05 5.465587149343195845e-04 9.982240228084849482e-04 8.483766579992350378e-04 3.965362024358429760e+07
8.358327848598775048e-03 1.748326039928708719e-01 8.026672429349858071e-03 8.255584341230160286e-03 1.024141367243830286e-01 1.544883062797222824e-02 8.661548305241554280e-01 7.294107520586319039e-03 1.808091470882327093e-02 5.515100902571223700e-04 7.857423508830258408e-04 7.531911772650064446e-04 5.272954575149081191e-04 8.823293374878039266e-04 8.556082464856905800e-04 3.318014697277060082e-04 3.171857222486081719e+07
1.628173917645842766e-02 5.342698631530037878e-02 1.806577637751801422e-03 6.633567914911596940e-03 1.193022634971120932e-01 3.408405178751974102e-02 5.229209706453580297e-01 8.966280058614232258e-04 2.697706408012347234e-02 8.333411846140078129e-04 5.826329037860111196e-04 4.541630472484166001e-06 5.766711915146625900e-04 1.610485614493225334e-04 1.561227809229105931e-05 7.105695024743288344e-04 3.779894026894269139e+07
1.471466329506754440e-02 1.629571641110415803e-01 2.289063824053674725e-03 5.749794809138625805e-03 1.122502468881452810e-02 1.859361604726706904e-02 1.916974925939906038e-01 3.007416664816910459e-03 4.707484438540113225e-02 4.951554673566446480e-04 7.786520036504591784e-04 7.286795972486565442e-04 9.442228495040877207e-04 3.818484178715122481e-04 6.166073807629187265e-04 5.401286342674688039e-04 4.393985514535553753e+07
1.608553723839778113e-02 1.138237969821799117e-01 3.805879775264519541e-03 1.733538792522912320e-02 1.240166474003796537e-01 1.434499323351417707e-02 5.033420026704896744e-01 6.949266194602810379e-04 2.801495177034851736e-02 7.479512537789468132e-04 9.717289310843078972e-04 7.663196941151327818e-04 5.665241547731894893e-04 7.375977709461315791e-04 3.867757531276883693e-04 3.775231509746622936e-04 4.994931363488012552e+07
1.846004475268472542e-02 1.049770391776654460e-01 9.605518312513374943e-03 2.350620514880551268e-03 1.520346371076679859e-01 3.754571260021984797e-02 9.295193935256348405e-01 8.220087331520759683e-03 3.888930784092120563e-02 3.643338412158183539e-04 7.544747272456096228e-06 4.615400267594566594e-04 1.262180380929397896e-04 3.117635977900597524e-04 8.853358769285157848e-05 8.272395921743244543e-04 2.812212606643850356e+07
1.822660347816645182e-02 1.289061100505838886e-01 5.373414946080561083e-03 1.238695803185383901e-02 1.074705716736470279e-01 3.558526786188889041e-02 4.699934592481809781e-01 9.608886327454092130e-03 5.214318492478550032e-02 1.143187938834660719e-04 5.677587726323814893e-04 1.588857464818714006e-04 9.183558243543698532e-04 6.763262161511515453e-04 2.111992588625071084e-04 8.972038616470686453e-04 4.894458836273490638e+07
2.775395607852167417e-03 1.529776502406110239e-01 3.382145264401120385e-03 1.111480444758310843e-02 1.106113734102039947e-01 1.463663799535960125e-02 1.774587970701541340e-01 6.382654345830421350e-03 1.325844297355877575e-02 6.285920638201811022e-04 1.323596157778664866e-05 3.300135899735645763e-05 9.784220359070972331e-04 9.119557031366663964e-04 6.861109279560190753e-04 3.662961371347649739e-04 4.670913748670720309e+07
7.236137592038583213e-03 1.127304760929216110e-01 6.893133991025148085e-04 6.589756719789856623e-03 1.445354032839589464e-01 1.295696180501394908e-02 7.059795949098726098e-01 7.138056592514456164e-03 2.195683499339556519e-02 5.455155492804836161e-04 2.123672445028105843e-04 5.893862677654443773e-04 9.622429668434058806e-04 5.257056717437382258e-04 1.376504433835532188e-04 7.215129077644628821e-04 3.067826709058646485e+07
2.909840103354658942e-03 1.704537059508965391e-01 8.125994303749972322e-03 7.077860388128345490e-03 8.072715771842742249e-02 1.390539373936463055e-02 4.298231918435032606e-01 8.940831580294907391e-03 4.239271951804508831e-02 1.296015909172987301e-05 7.021874503355810589e-04 3.385715218873358318e-04 6.587698080981411585e-04 9.701119041612162251e-07 7.247433409107369466e-04 5.877667867591670212e-04 3.448653676523137093e+07
6.003240760412661189e-04 1.651457662043792074e-01 6.907697397612594728e-03 4.647490483568233847e-03 2.589226228895523396e-02 1.242193657653410492e-02 6.776469594601272073e-01 6.457886383050463232e-03 1.075690671922150364e-02 8.934864999538209406e-04 1.612664897819629495e-04 5.680512288403354341e-04 8.048414387286513235e-04 3.014900522011587755e-04 9.272409569384361177e-05 2.367990471092614726e-04 3.763338208423659205e+07
2.572189965980502951e-03 1.902096305172621404e-01 5.483651826013631603e-03 1.927466655495348527e-02 7.144085704600715292e-02 5.778502110987101918e-03 4.808459665049605869e-01 7.790356868701438058e-03 5.155150161253434921e-02 4.277329995594936099e-04 4.708475995049846499e-04 8.317578678779122487e-04 2.369119609703062819e-04 4.808098094470003776e-04 8.276358633266880926e-04 2.056434063323129397e-04 4.845181483792373538e+07
